1.00 28.96 0.00 28.34
2.00 28.96 0.00 28.34
3.00 28.96 0.00 28.34
4.00 28.96 0.00 28.34
5.00 28.96 0.00 28.34
6.00 28.96 0.00 28.34
7.00 28.96 0.00 28.34
8.00 28.96 0.00 28.34
9.00 28.96 0.00 28.34
10.00 28.96 0.00 28.34
11.00 28.96 0.00 28.34
12.00 28.96 0.00 28.34
13.00 28.96 0.00 28.34
14.00 28.96 0.00 28.34
15.00 28.96 0.00 28.34
16.00 28.96 0.00 28.34
17.00 28.96 0.00 28.34
18.00 28.96 0.00 28.34
19.00 28.96 0.00 28.34
20.00 28.96 0.00 28.34
21.00 28.96 0.00 28.34
22.00 28.96 0.00 28.34
23.00 28.96 0.00 28.34
24.00 28.47 0.00 28.34
25.00 28.47 0.00 28.34
26.00 28.96 0.00 28.34
27.00 28.96 0.00 28.34
28.00 28.47 0.00 28.34
29.00 28.96 0.00 28.34
30.00 28.47 0.50 28.34
31.00 28.96 0.50 28.34
32.00 29.45 0.50 28.34
33.00 29.94 0.50 28.34
34.00 29.94 0.50 28.34
35.00 30.43 0.50 28.34
36.00 30.91 0.50 28.34
37.00 30.91 0.50 28.34
38.00 31.40 0.50 28.34
39.00 31.40 0.50 28.34
40.00 31.89 0.50 28.34
41.00 31.89 0.50 28.34
42.00 32.38 0.50 28.34
43.00 32.38 0.50 28.34
44.00 32.87 0.50 28.34
45.00 32.87 0.50 28.34
46.00 33.36 0.50 28.34
47.00 33.36 0.50 28.34
48.00 33.84 0.50 28.34
49.00 33.84 0.50 28.34
50.00 33.84 0.50 28.34
51.00 33.84 0.50 28.34
52.00 34.33 0.50 28.34
53.00 34.33 0.50 28.34
54.00 34.33 0.50 28.34
55.00 34.82 0.50 28.34
56.00 34.82 0.50 28.34
57.00 34.82 0.50 28.34
58.00 34.82 0.50 28.34
59.00 35.31 0.50 28.34
60.00 35.31 0.50 28.34
61.00 35.31 0.50 28.34
62.00 35.31 0.50 28.34
63.00 35.80 0.50 28.34
64.00 35.80 0.50 28.34
65.00 35.80 0.50 28.34
66.00 35.80 0.50 28.34
67.00 36.29 0.50 28.34
68.00 36.29 0.50 28.34
69.00 36.29 0.50 28.34
70.00 36.29 0.50 28.34
71.00 36.29 0.50 28.34
72.00 36.29 0.50 28.34
73.00 36.77 0.50 28.34
74.00 36.77 0.50 28.34
75.00 36.77 0.50 28.34
76.00 36.77 0.50 28.34
77.00 36.77 0.50 28.34
78.00 36.77 0.50 28.34
79.00 36.77 0.50 28.34
80.00 36.77 0.50 28.34
81.00 36.77 0.50 28.34
82.00 36.77 0.50 28.34
83.00 36.77 0.50 28.34
84.00 37.26 0.50 28.34
85.00 37.26 0.50 28.34
86.00 37.26 0.50 28.34
87.00 37.26 0.50 28.34
88.00 37.26 0.50 28.34
89.00 37.26 0.50 28.34
90.00 37.26 0.50 28.34
91.00 37.26 0.50 28.34
92.00 37.26 0.50 28.34
93.00 37.75 0.50 28.34
94.00 37.75 0.50 28.34
95.00 37.75 0.50 28.34
96.00 37.75 0.50 28.34
97.00 37.75 0.50 28.34
98.00 37.75 0.50 28.34
99.00 37.75 0.50 28.34
100.00 38.24 0.50 28.83
101.00 38.24 0.50 28.83
102.00 38.24 0.50 28.83
103.00 38.24 0.50 28.83
104.00 38.24 0.50 28.83
105.00 38.24 0.50 28.83
106.00 38.73 0.50 28.83
107.00 38.24 0.50 28.83
108.00 38.24 0.50 28.83
109.00 38.73 0.50 28.83
110.00 38.73 0.50 28.83
111.00 38.73 0.50 28.83
112.00 38.73 0.50 28.83
113.00 38.73 0.50 28.83
114.00 38.73 0.50 28.83
115.00 38.73 0.50 28.83
116.00 38.73 0.50 28.83
117.00 38.73 0.50 28.83
118.00 38.73 0.50 28.83
119.00 38.73 0.50 28.83
120.00 38.73 0.50 28.83
121.00 38.73 0.50 28.83
122.00 39.22 0.50 28.83
123.00 38.73 0.50 28.83
124.00 39.22 0.50 28.83
125.00 39.22 0.50 28.83
126.00 39.22 0.50 28.83
127.00 39.22 0.50 28.83
128.00 39.22 0.50 28.83
129.00 39.22 0.50 28.83
130.00 39.22 0.50 28.83
131.00 39.22 0.50 28.83
132.00 39.22 0.50 28.83
133.00 39.22 0.50 28.83
134.00 39.22 0.50 28.83
135.00 39.22 0.50 28.83
136.00 39.22 0.50 28.83
137.00 39.22 0.50 28.83
138.00 39.22 0.50 28.83
139.00 39.22 0.50 28.83
140.00 39.22 0.50 28.83
141.00 39.22 0.50 28.83
142.00 39.22 0.50 28.83
143.00 39.70 0.50 29.32
144.00 39.22 0.50 29.32
145.00 39.70 0.50 28.83
146.00 39.22 0.50 28.83
147.00 39.22 0.50 29.32
148.00 39.22 0.50 28.83
149.00 39.22 0.50 28.83
150.00 39.22 0.50 29.32
151.00 39.22 0.50 29.32
152.00 39.22 0.50 28.83
153.00 39.70 0.50 28.83
154.00 39.70 0.50 29.32
155.00 39.70 0.50 29.32
156.00 39.70 0.50 29.32
157.00 39.70 0.50 29.32
158.00 39.70 0.50 29.32
159.00 39.70 0.50 29.32
160.00 39.70 0.50 29.32
161.00 39.70 0.50 28.83
162.00 39.70 0.50 28.83
163.00 39.22 0.50 29.32
164.00 39.70 0.50 28.83
165.00 39.22 0.50 29.32
166.00 39.22 0.50 29.32
167.00 39.70 0.50 28.83
168.00 39.70 0.50 29.32
169.00 39.70 0.50 29.32
170.00 39.70 0.50 29.32
171.00 39.70 0.50 29.32
172.00 39.70 0.50 29.32
173.00 39.22 0.50 29.32
174.00 39.22 0.50 29.32
175.00 39.22 0.50 29.32
176.00 39.22 0.50 28.83
177.00 39.22 0.50 28.83
178.00 39.22 0.50 28.83
179.00 39.22 0.50 28.83
180.00 39.22 0.50 28.83
181.00 39.70 0.50 28.83
182.00 39.70 0.50 28.83
183.00 39.70 0.50 28.83
184.00 39.70 0.50 28.83
185.00 39.70 0.50 29.32
186.00 39.70 0.50 29.32
187.00 39.70 0.50 29.32
188.00 39.70 0.50 29.32
189.00 39.70 0.50 29.32
190.00 39.70 0.50 28.83
191.00 39.70 0.50 28.83
192.00 39.70 0.50 28.83
193.00 39.70 0.50 29.32
194.00 39.70 0.50 29.32
195.00 39.70 0.50 29.32
196.00 39.70 0.50 29.32
197.00 39.70 0.50 29.32
198.00 39.70 0.50 29.32
199.00 39.70 0.50 29.32
200.00 39.70 0.50 29.32
201.00 39.70 0.50 29.32
202.00 39.70 0.50 29.32
203.00 39.70 0.50 29.32
204.00 39.70 0.50 29.32
205.00 39.70 0.50 29.32
206.00 39.70 0.50 29.32
207.00 39.70 0.50 28.83
208.00 39.70 0.50 28.83
209.00 39.70 0.50 28.83
210.00 39.70 0.50 28.83
211.00 39.70 0.50 28.83
212.00 39.70 0.50 28.83
213.00 39.70 0.50 28.83
214.00 39.70 0.50 28.83
215.00 39.22 0.50 28.83
216.00 39.70 0.50 28.83
217.00 39.70 0.50 28.83
218.00 39.70 0.50 28.83
219.00 39.70 0.50 28.83
220.00 39.70 0.50 29.32
221.00 39.70 0.50 28.83
222.00 39.70 0.50 29.32
223.00 39.70 0.50 29.32
224.00 39.70 0.50 29.32
225.00 39.70 0.50 29.32
226.00 39.70 0.50 29.32
227.00 39.70 0.50 29.32
228.00 39.70 0.50 29.32
229.00 39.70 0.50 29.32
230.00 39.70 0.50 29.32
231.00 39.70 0.50 29.32
232.00 39.70 0.50 29.32
233.00 39.70 0.50 29.32
234.00 39.70 0.50 29.32
235.00 39.70 0.50 29.32
236.00 39.70 0.50 29.32
237.00 39.70 0.50 29.32
238.00 39.70 0.50 29.32
239.00 39.70 0.50 29.32
240.00 39.70 0.50 29.32
241.00 39.70 0.50 29.32
242.00 39.70 0.50 29.32
243.00 39.70 0.50 29.32
244.00 39.70 0.50 29.32
245.00 39.70 0.50 29.32
246.00 40.19 0.50 29.32
247.00 39.70 0.50 29.32
248.00 39.70 0.50 29.32
249.00 39.70 0.50 29.32
250.00 39.70 0.50 29.32
251.00 39.70 0.50 29.32
252.00 39.70 0.50 29.32
253.00 39.70 0.50 29.32
254.00 39.70 0.50 29.32
255.00 39.70 0.50 29.32
256.00 39.70 0.50 29.32
257.00 39.70 0.50 29.32
258.00 39.70 0.50 29.32
259.00 40.19 0.50 29.32
260.00 40.19 0.50 29.32
261.00 40.19 0.50 29.32
262.00 40.19 0.50 29.32
263.00 39.70 0.50 29.32
264.00 39.70 0.50 29.32
265.00 39.70 0.50 29.32
266.00 39.70 0.50 29.32
267.00 39.70 0.50 29.32
268.00 39.70 0.50 29.32
269.00 39.70 0.50 29.32
270.00 39.70 0.50 29.32
271.00 40.19 0.50 29.32
272.00 39.70 0.50 29.32
273.00 40.19 0.50 29.32
274.00 39.70 0.50 29.32
275.00 40.19 0.50 29.32
276.00 39.70 0.50 29.32
277.00 39.70 0.50 29.32
278.00 39.70 0.50 29.32
279.00 39.70 0.50 29.32
280.00 39.70 0.50 29.32
281.00 39.70 0.50 29.32
282.00 39.70 0.50 29.32
283.00 39.70 0.50 29.32
284.00 39.70 0.50 29.32
285.00 40.19 0.50 29.32
286.00 39.70 0.50 29.32
287.00 39.70 0.50 29.32
288.00 40.19 0.50 29.32
289.00 40.19 0.50 29.32
290.00 40.19 0.50 29.32
291.00 39.70 0.50 29.32
292.00 40.19 0.50 29.32
293.00 39.70 0.50 29.32
294.00 40.19 0.50 29.32
295.00 40.19 0.50 29.32
296.00 40.19 0.50 29.32
297.00 40.19 0.50 29.32
298.00 40.19 0.50 29.32
299.00 40.19 0.50 29.32
300.00 40.19 0.50 29.81
301.00 40.19 0.50 29.32
302.00 40.19 0.50 29.32
303.00 40.19 0.50 29.32
304.00 40.19 0.50 29.32
305.00 40.19 0.50 29.32
306.00 40.19 0.50 29.32
307.00 40.19 0.50 29.32
308.00 40.19 0.50 29.81
309.00 40.19 0.50 29.32
310.00 40.19 0.50 29.32
311.00 40.19 0.50 29.32
312.00 40.19 0.50 29.32
313.00 40.19 0.50 29.32
314.00 40.19 0.50 29.32
315.00 40.19 0.50 29.32
316.00 40.19 0.50 29.32
317.00 40.19 0.50 29.81
318.00 39.70 0.50 29.81
319.00 40.19 0.50 29.81
320.00 40.19 0.50 29.81
321.00 40.19 0.50 29.81
322.00 39.70 0.50 29.32
323.00 40.19 0.50 29.81
324.00 40.19 0.50 29.81
325.00 40.19 0.50 29.81
326.00 39.70 0.50 29.81
327.00 39.70 0.50 29.81
328.00 40.19 0.50 29.81
329.00 40.19 0.50 29.81
330.00 40.19 0.50 29.81
331.00 40.19 0.50 29.32
332.00 40.19 0.50 29.81
333.00 40.19 0.50 29.32
334.00 40.19 0.50 29.81
335.00 40.19 0.50 29.32
336.00 40.19 0.50 29.32
337.00 40.19 0.50 29.32
338.00 40.19 0.50 29.32
339.00 40.19 0.50 29.32
340.00 40.19 0.50 29.81
341.00 40.19 0.50 29.32
342.00 40.19 0.50 29.32
343.00 40.19 0.50 29.81
344.00 40.19 0.50 29.32
345.00 40.19 0.50 29.32
346.00 40.19 0.50 29.81
347.00 40.19 0.50 29.81
348.00 40.19 0.50 29.81
349.00 40.19 0.50 29.81
350.00 40.19 0.50 29.32
351.00 40.19 0.50 29.32
352.00 40.19 0.50 29.81
353.00 40.19 0.50 29.32
354.00 40.19 0.50 29.32
355.00 40.19 0.50 29.32
356.00 40.19 0.50 29.32