1.00 28.47 0.00 27.86
2.00 28.47 0.00 27.86
3.00 28.47 0.00 27.86
4.00 28.47 0.00 27.86
5.00 28.47 0.00 27.86
6.00 28.47 0.00 27.86
7.00 28.47 0.00 27.86
8.00 28.47 0.00 27.86
9.00 28.47 0.00 27.86
10.00 28.47 0.00 28.34
11.00 28.47 0.00 27.86
12.00 28.47 0.00 27.86
13.00 28.47 0.00 27.86
14.00 28.47 0.00 27.86
15.00 28.47 0.00 27.86
16.00 28.47 0.00 27.86
17.00 28.47 0.00 27.86
18.00 28.47 0.00 27.86
19.00 28.47 0.00 27.86
20.00 28.47 0.00 28.34
21.00 28.47 0.00 27.86
22.00 28.47 0.00 27.86
23.00 28.47 0.00 27.86
24.00 28.47 0.00 27.86
25.00 28.47 0.00 27.86
26.00 28.47 0.00 27.86
27.00 28.47 0.00 27.86
28.00 28.47 0.00 27.86
29.00 28.47 0.00 28.34
30.00 28.47 1.00 27.86
31.00 28.96 1.00 27.86
32.00 29.45 1.00 27.86
33.00 29.94 1.00 27.86
34.00 30.43 1.00 27.86
35.00 30.91 1.00 28.34
36.00 31.40 1.00 28.34
37.00 31.89 1.00 28.34
38.00 32.38 1.00 28.34
39.00 32.87 1.00 28.34
40.00 33.36 1.00 28.34
41.00 33.36 1.00 28.34
42.00 33.84 1.00 28.34
43.00 34.33 1.00 28.34
44.00 34.82 1.00 28.34
45.00 34.82 1.00 28.34
46.00 35.31 1.00 28.34
47.00 35.31 1.00 28.34
48.00 35.80 1.00 28.34
49.00 36.29 1.00 28.34
50.00 36.29 1.00 28.34
51.00 36.29 1.00 28.34
52.00 36.77 1.00 28.34
53.00 36.77 1.00 28.34
54.00 37.26 1.00 28.34
55.00 37.26 1.00 28.34
56.00 37.26 1.00 28.34
57.00 37.75 1.00 28.34
58.00 38.24 1.00 28.34
59.00 38.24 1.00 28.34
60.00 38.24 1.00 28.34
61.00 38.24 1.00 28.34
62.00 38.73 1.00 28.34
63.00 38.73 1.00 28.34
64.00 38.73 1.00 28.34
65.00 39.22 1.00 28.34
66.00 39.22 1.00 28.34
67.00 39.22 1.00 28.34
68.00 39.22 1.00 28.34
69.00 39.22 1.00 28.34
70.00 39.70 1.00 28.34
71.00 39.70 1.00 28.34
72.00 39.70 1.00 28.34
73.00 40.19 1.00 28.83
74.00 40.19 1.00 28.83
75.00 40.19 1.00 28.83
76.00 40.19 1.00 28.83
77.00 40.19 1.00 28.34
78.00 40.19 1.00 28.34
79.00 40.19 1.00 28.83
80.00 40.68 1.00 28.34
81.00 40.68 1.00 28.83
82.00 40.68 1.00 28.83
83.00 41.17 1.00 28.83
84.00 40.68 1.00 28.83
85.00 41.17 1.00 28.83
86.00 41.17 1.00 28.83
87.00 41.17 1.00 28.83
88.00 41.17 1.00 28.83
89.00 41.17 1.00 28.83
90.00 41.17 1.00 28.83
91.00 41.17 1.00 28.83
92.00 41.66 1.00 28.83
93.00 41.66 1.00 28.83
94.00 41.66 1.00 28.83
95.00 41.66 1.00 28.83
96.00 41.66 1.00 28.83
97.00 41.66 1.00 28.83
98.00 45.56 1.00 28.83
99.00 41.66 1.00 28.83
100.00 42.15 1.00 28.83
101.00 42.15 1.00 28.83
102.00 42.15 1.00 28.83
103.00 42.15 1.00 28.83
104.00 42.15 1.00 28.83
105.00 42.15 1.00 28.83
106.00 42.15 1.00 28.83
107.00 42.15 1.00 28.83
108.00 42.15 1.00 28.83
109.00 42.15 1.00 28.83
110.00 42.63 1.00 28.83
111.00 42.63 1.00 28.83
112.00 42.63 1.00 28.83
113.00 42.63 1.00 28.83
114.00 42.63 1.00 28.83
115.00 42.63 1.00 28.83
116.00 42.63 1.00 28.83
117.00 42.63 1.00 28.83
118.00 42.63 1.00 28.83
119.00 42.63 1.00 28.83
120.00 43.12 1.00 28.83
121.00 42.63 1.00 28.83
122.00 42.63 1.00 28.83
123.00 43.12 1.00 28.83
124.00 42.63 1.00 28.83
125.00 43.12 1.00 28.83
126.00 43.12 1.00 28.83
127.00 43.12 1.00 28.83
128.00 43.12 1.00 28.83
129.00 43.12 1.00 28.83
130.00 43.12 1.00 28.83
131.00 43.12 1.00 28.83
132.00 43.12 1.00 28.83
133.00 43.12 1.00 28.83
134.00 43.12 1.00 28.83
135.00 43.12 1.00 28.83
136.00 43.12 1.00 28.83
137.00 43.12 1.00 28.83
138.00 43.12 1.00 28.83
139.00 43.12 1.00 28.83
140.00 43.12 1.00 28.83
141.00 43.61 1.00 28.83
142.00 43.12 1.00 28.83
143.00 43.12 1.00 28.83
144.00 43.61 1.00 28.83
145.00 43.12 1.00 28.83
146.00 43.12 1.00 28.83
147.00 43.12 1.00 28.83
148.00 43.61 1.00 28.83
149.00 43.12 1.00 28.83
150.00 43.61 1.00 28.83
151.00 43.61 1.00 28.83
152.00 43.61 1.00 28.83
153.00 43.61 1.00 28.83
154.00 43.61 1.00 28.83
155.00 43.61 1.00 28.83
156.00 43.12 1.00 28.83
157.00 43.61 1.00 28.83
158.00 43.61 1.00 28.83
159.00 43.61 1.00 28.83
160.00 43.61 1.00 28.83
161.00 43.61 1.00 28.83
162.00 43.61 1.00 28.83
163.00 43.61 1.00 28.83
164.00 43.61 1.00 28.83
165.00 43.61 1.00 28.83
166.00 43.61 1.00 28.83
167.00 43.61 1.00 28.83
168.00 43.61 1.00 28.83
169.00 43.61 1.00 28.83
170.00 43.61 1.00 28.83
171.00 43.61 1.00 28.83
172.00 43.61 1.00 28.83
173.00 43.61 1.00 28.83
174.00 43.61 1.00 28.83
175.00 43.61 1.00 28.83
176.00 43.61 1.00 28.83
177.00 43.61 1.00 28.83
178.00 43.61 1.00 28.83
179.00 43.61 1.00 28.83
180.00 43.61 1.00 28.83
181.00 43.61 1.00 28.83
182.00 43.61 1.00 28.83
183.00 43.61 1.00 28.83
184.00 43.61 1.00 28.83
185.00 43.61 1.00 28.83
186.00 43.61 1.00 28.83
187.00 43.61 1.00 28.83
188.00 43.61 1.00 28.83
189.00 43.61 1.00 28.83
190.00 43.61 1.00 28.83
191.00 43.61 1.00 28.83
192.00 43.61 1.00 28.83
193.00 43.61 1.00 28.83
194.00 43.61 1.00 28.83
195.00 43.61 1.00 28.83
196.00 43.61 1.00 28.83
197.00 43.61 1.00 28.83
198.00 43.61 1.00 28.83
199.00 43.61 1.00 28.83
200.00 43.61 1.00 28.83
201.00 43.61 1.00 28.83
202.00 43.61 1.00 28.83
203.00 43.61 1.00 28.83
204.00 43.61 1.00 28.83
205.00 43.61 1.00 28.83
206.00 43.61 1.00 28.83
207.00 43.61 1.00 28.83
208.00 43.61 1.00 28.83
209.00 43.61 1.00 28.83
210.00 43.61 1.00 28.83
211.00 43.61 1.00 28.83
212.00 43.61 1.00 28.83
213.00 43.61 1.00 28.83
214.00 43.61 1.00 28.83
215.00 43.61 1.00 28.83
216.00 43.61 1.00 28.83
217.00 43.61 1.00 28.83
218.00 43.61 1.00 28.83
219.00 43.61 1.00 28.83
220.00 43.61 1.00 28.83
221.00 43.61 1.00 28.83
222.00 43.61 1.00 28.83
223.00 43.61 1.00 28.83
224.00 43.61 1.00 28.83
225.00 43.61 1.00 28.83
226.00 43.61 1.00 28.83
227.00 43.61 1.00 28.83
228.00 44.10 1.00 28.83
229.00 43.61 1.00 28.83
230.00 44.10 1.00 28.83
231.00 43.61 1.00 28.83
232.00 43.61 1.00 28.83
233.00 43.61 1.00 28.83
234.00 43.61 1.00 28.83
235.00 43.61 1.00 28.83
236.00 43.61 1.00 28.83
237.00 43.61 1.00 28.83
238.00 43.61 1.00 28.83
239.00 43.61 1.00 28.83
240.00 43.61 1.00 28.83
241.00 43.61 1.00 28.83
242.00 43.61 1.00 28.83
243.00 43.61 1.00 28.83
244.00 43.61 1.00 28.83
245.00 43.61 1.00 28.83
246.00 43.61 1.00 28.83
247.00 43.61 1.00 28.83
248.00 43.61 1.00 28.83
249.00 43.61 1.00 28.83
250.00 43.61 1.00 28.83
251.00 43.61 1.00 28.83
252.00 43.61 1.00 28.83
253.00 43.61 1.00 28.83
254.00 43.61 1.00 28.83
255.00 43.61 1.00 28.83
256.00 43.61 1.00 28.83
257.00 43.61 1.00 28.83
258.00 43.61 1.00 28.83
259.00 43.61 1.00 28.83
260.00 43.61 1.00 28.83
261.00 43.61 1.00 28.83
262.00 43.61 1.00 28.83
263.00 44.10 1.00 29.32
264.00 44.10 1.00 28.83
265.00 44.10 1.00 29.32
266.00 44.10 1.00 29.32
267.00 44.10 1.00 29.32
268.00 44.10 1.00 29.32
269.00 44.10 1.00 29.32
270.00 44.10 1.00 29.32
271.00 44.10 1.00 29.32
272.00 44.10 1.00 29.32
273.00 44.10 1.00 29.32
274.00 44.10 1.00 29.32
275.00 44.10 1.00 29.32
276.00 44.10 1.00 29.32
277.00 44.10 1.00 29.32
278.00 44.10 1.00 29.32
279.00 44.10 1.00 29.32
280.00 44.10 1.00 29.32
281.00 44.10 1.00 29.32
282.00 44.10 1.00 29.32
283.00 44.10 1.00 29.32
284.00 44.10 1.00 29.32
285.00 44.10 1.00 29.32
286.00 44.10 1.00 29.32
287.00 44.10 1.00 29.32
288.00 44.10 1.00 29.32
289.00 44.10 1.00 29.32
290.00 44.10 1.00 29.32
291.00 44.10 1.00 29.32
292.00 44.10 1.00 29.32
293.00 44.10 1.00 29.32
294.00 44.10 1.00 29.32
295.00 44.10 1.00 29.32
296.00 44.10 1.00 29.32
297.00 44.10 1.00 29.32
298.00 44.10 1.00 29.32
299.00 44.10 1.00 29.32
300.00 44.10 1.00 29.32
301.00 44.10 1.00 29.32
302.00 44.10 1.00 29.32
303.00 44.10 1.00 29.32
304.00 44.10 1.00 29.32
305.00 44.10 1.00 29.32
306.00 44.10 1.00 29.32
307.00 44.10 1.00 29.32
308.00 44.10 1.00 29.32
309.00 44.10 1.00 29.32
310.00 44.10 1.00 29.32
311.00 44.10 1.00 29.32
312.00 44.10 1.00 29.32
313.00 44.10 1.00 29.32
314.00 44.10 1.00 29.32
315.00 44.10 1.00 29.32
316.00 44.10 1.00 29.32
317.00 44.10 1.00 29.32
318.00 44.10 1.00 29.32
319.00 44.10 1.00 29.81
320.00 44.59 1.00 29.81
321.00 44.10 1.00 29.81
322.00 44.10 1.00 29.81
323.00 44.10 1.00 29.81
324.00 44.10 1.00 29.81
325.00 44.10 1.00 29.81
326.00 44.10 1.00 29.81
327.00 44.10 1.00 29.81
328.00 44.10 1.00 29.32
329.00 44.10 1.00 29.32
330.00 44.10 1.00 29.32
331.00 44.10 1.00 29.32
332.00 44.10 1.00 29.32
333.00 44.10 1.00 29.32
334.00 44.10 1.00 29.32
335.00 44.10 1.00 29.32
336.00 44.10 1.00 29.32
337.00 44.10 1.00 29.32
338.00 44.10 1.00 29.32
339.00 44.10 1.00 29.32
340.00 44.10 1.00 29.32
341.00 44.10 1.00 29.32
342.00 44.10 1.00 29.32
343.00 44.10 1.00 29.32
344.00 44.59 1.00 29.32
345.00 44.59 1.00 29.32
346.00 44.10 1.00 29.32
347.00 44.59 1.00 29.32
348.00 44.59 1.00 29.32
349.00 44.10 1.00 29.32
350.00 44.59 1.00 29.32
351.00 44.10 1.00 29.32
352.00 44.10 1.00 29.32
353.00 44.10 1.00 29.32
354.00 44.10 1.00 29.32
355.00 44.10 1.00 29.32
356.00 44.10 1.00 29.32
357.00 44.10 1.00 29.32
358.00 44.10 1.00 29.32
359.00 44.10 1.00 29.32
360.00 44.10 1.00 29.32
361.00 44.10 1.00 29.32
362.00 44.10 1.00 29.32
363.00 44.10 1.00 29.32
364.00 44.10 1.00 29.32