1.00 28.47 0.00 27.86
2.00 28.47 0.00 27.86
3.00 28.47 0.00 27.86
4.00 28.47 0.00 27.86
5.00 28.47 0.00 27.86
6.00 28.47 0.00 27.86
7.00 28.47 0.00 27.86
8.00 28.47 0.00 27.86
9.00 28.47 0.00 27.86
10.00 28.47 0.00 28.34
11.00 28.47 0.00 27.86
12.00 28.47 0.00 27.86
13.00 28.47 0.00 27.86
14.00 28.47 0.00 27.86
15.00 28.47 0.00 27.86
16.00 28.47 0.00 27.86
17.00 28.47 0.00 27.86
18.00 28.47 0.00 27.86
19.00 28.47 0.00 27.86
20.00 28.47 0.00 28.34
21.00 28.47 0.00 27.86
22.00 28.47 0.00 27.86
23.00 28.47 0.00 27.86
24.00 28.47 0.00 27.86
25.00 28.47 0.00 27.86
26.00 28.47 0.00 27.86
27.00 28.47 0.00 27.86
28.00 28.47 0.00 27.86
29.00 28.47 0.00 28.34
30.00 28.47 1.00 27.86
31.00 28.96 1.00 27.86
32.00 29.45 1.00 27.86
33.00 29.94 1.00 27.86
34.00 30.43 1.00 27.86
35.00 30.91 1.00 28.34
36.00 31.40 1.00 28.34
37.00 31.89 1.00 28.34
38.00 32.38 1.00 28.34
39.00 32.87 1.00 28.34
